((("css" .
   [2 0 0])
  ("common" .
   [1 0 0 0 0 0])
  ("elを追加" .
   [1 0 1 0 0])
  ("4px" .
   [2 0 0])
  ("left" .
   [2 0 0 0])
  ("right" .
   [2 0 0 0 0])
  ("ccc" .
   [1 0 0])
  ("18px" .
   [0 0 1 0])
  ("margin" .
   [1 0 0 0 0 0])
  ("padding-top" .
   [3 0 0 0 0 0 0 1 0 0 0])
  ("10px" .
   [3 0 0 0])
  ("padding" .
   [1 0 0 0 1 0 0])
  ("100%" .
   [0 0 1 1])
  ("-30px" .
   [0 0 1 0 0])
  ("-60px" .
   [0 0 1 0 0])
  ("-719px" .
   [0 0 1 0 0 0])
  ("-4px" .
   [0 0 1 0])
  ("tabbar-mode" .
   [1 0 0 0 0 0 0 0 0 0 0])
  ("list" .
   [1 0 0 0])
  ("style=" .
   [0 0 0 0 0 1])
  ("html-helper-mode" .
   [0 0 0 0 0 0 0 0 0 0 0 1 0 0 0 0])
  ("text-mode" .
   [1 0 0 0 0 0 0 0 0])
  ("estimate_products" .
   [0 0 1 0 0 0 0 0 0 0 0 0 0 0 0 0 0])
  ("padding-left" .
   [0 0 0 0 0 0 1 0 0 0 0 0])
  ("span" .
   [1 0 0 0])
  ("auto" .
   [1 0 0 0])
  ("padding-bottom" .
   [0 0 0 0 0 0 0 1 0 0 0 0 0 0])
  ("ranking" .
   [1 0 0 0 0 0 0])
  ("browse-kill-ring" .
   [0 0 0 0 1 0 0 0 0 0 0 0 0 0 0 0])))
